-1.6
-3.4
5.5
0.1
5.3
0.2
3.9
0.2
3.1
-0.1
0.5
3.2
2.9
0.2
9.3
6.6
2.7
2.4
1.5
3.4
-0.1
3.4
-3.5
4.0
1.3
6.5
6.9
10.0
2.5
7.8
0.7
7.1
5.0
7.6
3.1
9.5
0.1
12.2
7.5
12.3
11.2
13.9
13.4
11.9
10.8
19.6
15.6
7.6
10.8
9.3
15.0
12.4
17.6
14.8
21.5
17.4
24.2
16.8
20.3
12.5
20.8
19.2
25.9
23.0
25.0
19.4
24.6
19.8
21.7
21.8
20.5
21.5
22.7
24.9
20.6
22.1
18.8
20.6
19.8
22.9
18.0
28.0
17.9
28.8
22.4
28.6
24.5
27.2
20.7
26.7
20.0
26.3
23.0
30.3
24.1
25.7
26.9
28.2
30.4
30.1
29.0
28.9
32.5
27.6
34.8
27.8
32.6
26.6
32.2
32.4
32.2
32.0
33.8
31.1
35.3
36.7
32.8
36.1
32.2
33.1
34.5
37.0
36.6
35.8
36.4
33.3
34.2
33.4
37.7
35.6
34.5
35.2
39.1
37.0
39.3
38.7
37.2
36.7
38.4
36.1
39.0
35.3
35.3
39.2
38.1
40.9
42.5
40.5
41.4
41.9
40.9
40.4
40.6
41.0
43.6
44.7
40.1
43.5
42.8
43.3
43.1
44.0
44.0
43.1
43.3
44.3
40.2
43.5
40.5
42.8
43.3
48.0
43.9
43.5
41.5
42.2
41.4
42.6
45.9
42.8
46.2
43.7
48.5
47.0
52.9
49.8
49.4
47.5
49.2
48.5
50.5
49.6
51.1
49.3
53.7
52.0
54.5
54.3
54.3
53.0
54.8
54.6
55.1
55.7
52.5
54.3
54.8
56.0
57.6
60.5
57.7
55.5
51.5
53.5
51.6
53.1
52.1
52.9
49.9
53.0
52.5
57.4
54.3
57.7
54.0
57.4
54.9
59.3
63.8
62.4
62.3
62.0
64.1
66.9
69.3
65.9
65.8
65.9
67.2
69.1
70.2
67.7
71.0
68.0
69.5
67.8
69.7
64.9
65.7
64.9
68.1
66.9
69.0
70.1
71.5
69.3
69.9
71.9
73.1
73.5
70.2
71.7
69.0
76.0
74.5
79.5